The districts from which the City of Topeka Councilmembers shall be nominated shall be based on the ward and precinct descriptions as follows:
District Number | Ward | Precinct
1 | 1 | 14
| 2 | 11
| 3 | 1, 2, 3, 4, 5, 6, 7, 8, 9, 10
| 4 | 14
| 7 | 1, 2, 3, 4, 7
2 | 1 | 1, 2, 3, 4, 5, 6, 7, 9, 10, 13
| 2 | 1, 2, 3, 4, 5, 8, 9, 10
3 | 2 | 6, 7, 12
| 4 | 1, 2, 3, 4, 6, 9, 10, 11, 15
| 6 | 1
| 9 | 1
4 | 4 | 7, 8
| 5 | 1, 2, 3, 4, 5, 6, 8, 9, 10, 11, 12, 14, 15, 91
| 15 | 1, 2, 3
5 | 5 | 7
| 6 | 2, 3, 4, 5, 6, 7, 8, 9, 10, 11, 12
| 9 | 4, 5, 6, 9, 10, 11
| 12 | 12
6 | 7 | 5, 6, 9, 10, 11
| 8 | 1, 2, 3, 4, 5, 6, 7, 8, 9, 10, 11
| 9 | 2, 3, 12
7 | 9 | 8
| 11 | 10, 11
| 12 | 5, 6, 7, 8, 9, 11, 16
| 13 | 1, 6, 7
| 14 | 1, 2, 3, 4, 5
8 | 11 | 4, 5, 6, 7, 8, 9
| 12 | 2, 3, 4, 13, 14, 15, 17, 20
| 13 | 2, 4, 9, 12, 13, 21, 22
9 | 10 | 1, 2, 3, 4, 5, 6, 7, 8, 9, 10, 11, 13, 14, 15
| 11 | 1, 2, 3
| 12 | 1, 19, 31, 81, 92, 93
| 13 | 5, 8, 30
District Number
Ward
Precinct
1
1
14
2
11
3
1, 2, 3, 4, 5, 6, 7, 8, 9, 10
4
14
7
1, 2, 3, 4, 7
2
1
1, 2, 3, 4, 5, 6, 7, 9, 10, 13
2
1, 2, 3, 4, 5, 8, 9, 10
3
2
6, 7, 12
4
1, 2, 3, 4, 6, 9, 10, 11, 15
6
1
9
1
4
4
7, 8
5
1, 2, 3, 4, 5, 6, 8, 9, 10, 11, 12, 14, 15, 91
15
1, 2, 3
5
5
7
6
2, 3, 4, 5, 6, 7, 8, 9, 10, 11, 12
9
4, 5, 6, 9, 10, 11
12
12
6
7
5, 6, 9, 10, 11
8
1, 2, 3, 4, 5, 6, 7, 8, 9, 10, 11
9
2, 3, 12
7
9
8
11
10, 11
12
5, 6, 7, 8, 9, 11, 16
13
1, 6, 7
14
1, 2, 3, 4, 5
8
11
4, 5, 6, 7, 8, 9
12
2, 3, 4, 13, 14, 15, 17, 20
13
2, 4, 9, 12, 13, 21, 22
9
10
1, 2, 3, 4, 5, 6, 7, 8, 9, 10, 11, 13, 14, 15
11
1, 2, 3
12
1, 19, 31, 81, 92, 93
13
5, 8, 30
(Ord. 20438 § 1, 7-11-23.)
